
diff  : +0.00464499 usd (3.26 %)
price : 0.14228708 usd
tvl   : 47 814.61659840 usd