XLM  : 1743 [0%]
Top24: 1794

XRP   : 8275 [+0.07%]
Top24 : 8423

DOGE : 957 [0%]
Top24: 960

TRX   : 1390 [-0.07%]
Top24 : 1411

BNB  : 3324640 [+0.08%]
Top24: 3337287

LUNA  : 6671 [+0.20%]
Top24 : 7198

SHIB-$$ : 0.00000723 [-0.14%]
Top24   : 0.00000729

BTT-$$  : 0.00000038 [0%]
Top24   : 0.00000039

BTC  : 432802000 [0%]
Top24: 434804000

ETH  : 25676000 [+0.03%]
Top24: 25825000