BTC : 27930.00$
ETH : 1645.99$
BNB : 213.60$
-----------------
APT   : 5.358$
ARB   : 0.893$
SUI   : 0.447$
OP    : 1.31$
SOL   : 23.49$
MATIC : 0.567$
XTZ   : 0.679$
ADA   : 0.265$
XRP   : 0.525$
-----------------
ALICE : 0.71$
MANA  : 0.301$
SAND  : 0.301$
AXS   : 4.50$
DAR   : 0.089$
CHR   : 0.097$
-----------------
PEPE  : 0.000000730$
FLOXI : 0.000018430$
DOGE  : 0.0616$
SHIB  : 0.00000725$