XLM  : 1742 [0%]
Top24: 1750

XRP   : 8199 [0%]
Top24 : 8250

DOGE : 960 [0%]
Top24: 962

TRX   : 1366 [+0.15%]
Top24 : 1386

BNB  : 3340816 [0%]
Top24: 3345735

LUNA  : 6818 [+0.09%]
Top24 : 7052

SHIB-$$ : 0.00000723 [-0.14%]
Top24   : 0.00000724

BTT-$$  : 0.00000038 [0%]
Top24   : 0.00000039

BTC  : 436930000 [+0.08%]
Top24: 440000000

ETH  : 25737000 [0%]
Top24: 25900000