Access: 2023-10-10 14:13:46.877328000 +0200
Modify: 2023-10-10 14:13:46.877328000 +0200
Change: 2023-10-10 20:39:04.373000000 +0200