BTC : 27454.08$
ETH : 1617.25$
BNB : 211.10$
-----------------
APT   : 5.236$
ARB   : 0.863$
SUI   : 0.435$
OP    : 1.30$
SOL   : 22.93$
MATIC : 0.549$
XTZ   : 0.671$
ADA   : 0.262$
XRP   : 0.525$
-----------------
ALICE : 0.70$
MANA  : 0.294$
SAND  : 0.294$
AXS   : 4.43$
DAR   : 0.087$
CHR   : 0.095$
-----------------
PEPE  : 0.000000700$
FLOXI : 0.000018250$
DOGE  : 0.0610$
SHIB  : 0.00000717$