{
  "sellAmount": 5.80500000,
  "sellPrice": 1887.31228582,
  "buyAmount": 9.73668600,
  "buyPrice": 2217.93256688
}