
diff  : -0.00535368 usd (3.02 %)
price : 0.17739899 usd
tvl   : 65 063.53758692 usd