
diff  : -0.00419524 usd (3.15 %)
price : 0.13318261 usd
tvl   : 65 064.67361693 usd