BTC : 27692.85$
ETH : 1645.75$
BNB : 212.90$
-----------------
APT   : 5.307$
ARB   : 0.879$
SUI   : 0.441$
OP    : 1.33$
SOL   : 23.25$
MATIC : 0.562$
XTZ   : 0.682$
ADA   : 0.259$
XRP   : 0.530$
-----------------
ALICE : 0.70$
MANA  : 0.296$
SAND  : 0.297$
AXS   : 4.48$
DAR   : 0.089$
CHR   : 0.097$
-----------------
PEPE  : 0.000000720$
FLOXI : 0.000017880$
DOGE  : 0.0612$
SHIB  : 0.00000725$