XLM  : 1733 [0%]
Top24: 1754

XRP   : 8215 [0%]
Top24 : 8293

DOGE : 955 [0%]
Top24: 960

TRX   : 1380 [0%]
Top24 : 1397

BNB  : 3302002 [-0.03%]
Top24: 3330001

LUNA  : 6680 [-0.34%]
Top24 : 7000

SHIB-$$ : 0.00000717 [-0.28%]
Top24   : 0.00000728

BTT-$$  : 0.00000038 [0%]
Top24   : 0.00000039

BTC  : 429759000 [0%]
Top24: 437659000

ETH  : 25328000 [+0.04%]
Top24: 25773000