BTC : 27921.66$
ETH : 1629.59$
BNB : 211.50$
-----------------
APT   : 5.251$
ARB   : 0.864$
SUI   : 0.440$
OP    : 1.28$
SOL   : 23.38$
MATIC : 0.561$
XTZ   : 0.675$
ADA   : 0.257$
XRP   : 0.521$
-----------------
ALICE : 0.69$
MANA  : 0.297$
SAND  : 0.299$
AXS   : 4.46$
DAR   : 0.086$
CHR   : 0.093$
-----------------
PEPE  : 0.000000710$
FLOXI : 0.000018080$
DOGE  : 0.0613$
SHIB  : 0.00000723$