XLM  : 1655 [0%]
Top24: 1732

XRP   : 7867 [+0.01%]
Top24 : 8123

DOGE : 926 [+0.11%]
Top24: 955

TRX   : 1358 [0%]
Top24 : 1380

BNB  : 3248377 [+0.01%]
Top24: 3320000

LUNA  : 6327 [0%]
Top24 : 6650

SHIB-$$ : 0.0000069 [-0.14%]
Top24   : 0.00000723

BTT-$$  : 0.00000037 [0%]
Top24   : 0.00000039

BTC  : 434522000 [0%]
Top24: 437425000

ETH  : 24926000 [0%]
Top24: 25572000