XLM  : 1736 [0%]
Top24: 1746

XRP   : 8183 [0%]
Top24 : 8225

DOGE : 962 [0%]
Top24: 965

TRX   : 1377 [0%]
Top24 : 1380

BNB  : 3320001 [0%]
Top24: 3348833

LUNA  : 6787 [0%]
Top24 : 7024

SHIB-$$ : 0.00000725 [0%]
Top24   : 0.00000728

BTT-$$  : 0.00000038 [0%]
Top24   : 0.00000039

BTC  : 438076000 [+0.08%]
Top24: 438331000

ETH  : 25647000 [+0.01%]
Top24: 25748000