BTC : 27396.11$
ETH : 1567.83$
BNB : 208.70$
-----------------
APT   : 4.913$
ARB   : 0.823$
SUI   : 0.416$
OP    : 1.24$
SOL   : 22.11$
MATIC : 0.518$
XTZ   : 0.683$
ADA   : 0.249$
XRP   : 0.497$
-----------------
ALICE : 0.67$
MANA  : 0.278$
SAND  : 0.283$
AXS   : 4.26$
DAR   : 0.080$
CHR   : 0.088$
-----------------
PEPE  : 0.000000650$
FLOXI : 0.000017200$
DOGE  : 0.0592$
SHIB  : 0.00000690$