BTC : 27577.54$
ETH : 1579.77$
BNB : 206.10$
-----------------
APT   : 4.951$
ARB   : 0.819$
SUI   : 0.414$
OP    : 1.23$
SOL   : 22.07$
MATIC : 0.528$
XTZ   : 0.725$
ADA   : 0.251$
XRP   : 0.501$
-----------------
ALICE : 0.68$
MANA  : 0.280$
SAND  : 0.284$
AXS   : 4.29$
DAR   : 0.081$
CHR   : 0.089$
-----------------
PEPE  : 0.000000670$
FLOXI : 0.000017010$
DOGE  : 0.0587$
SHIB  : 0.00000691$