
diff  : -0.00731411 usd (4.88 %)
price : 0.14976432 usd
tvl   : 65 064.67361693 usd