XLM  : 1619 [-0.06%]
Top24: 1646

XRP   : 7642 [-0.26%]
Top24 : 7852

DOGE : 917 [+0.22%]
Top24: 936

TRX   : 1353 [+0.07%]
Top24 : 1363

BNB  : 3246363 [0%]
Top24: 3277641

LUNA  : 6291 [0%]
Top24 : 6518

SHIB-$$ : 0.00000674 [+0.15%]
Top24   : 0.00000691

BTT-$$  : 0.00000037 [0%]
Top24   : 0.00000038

BTC  : 421206000 [0%]
Top24: 432200000

ETH  : 24621000 [0%]
Top24: 24823000