XLM  : 1631 [0%]
Top24: 1659

XRP   : 7682 [+0.01%]
Top24 : 7888

DOGE : 926 [0%]
Top24: 938

TRX   : 1359 [0%]
Top24 : 1367

BNB  : 3266105 [-0.08%]
Top24: 3299999

LUNA  : 6431 [-0.25%]
Top24 : 6525

SHIB-$$ : 0.00000687 [-0.44%]
Top24   : 0.00000694

BTT-$$  : 0.00000036 [0%]
Top24   : 0.00000038

BTC  : 428382000 [-0.21%]
Top24: 436121000

ETH  : 24775000 [-0.16%]
Top24: 25084000