
diff  : -0.00415418 usd (3.08 %)
price : 0.13500816 usd
tvl   : 47 814.61659840 usd