game.Players.LocalPlayer.Character.HumanoidRootPart.CFrame = CFrame.new(402.372833, 2.20206451, -21.7422123, 0, 0, 1, 0, -1, 0, 1, 0, -0)
wait(2)
game.Players.LocalPlayer.Character.HumanoidRootPart.CFrame = CFrame.new(-518.314331, 1.35830688, -130.839844, 0, 0, 1, 0, -1, 0, 1, 0, -0)
wait(2)
game.Players.LocalPlayer.Character.HumanoidRootPart.CFrame = CFrame.new(-13.4567566, 7.51226377, 396.650848, -0.327305555, 0.00108949724, -0.944918036, 0.00221464969, -0.999995828, -0.00192012405, -0.94491601, -0.00272112945, 0.327301621)
wait(2)
game.Players.LocalPlayer.Character.HumanoidRootPart.CFrame = CFrame.new(379.362701, 2.01455879, 276.210602, -1, 0, 0, 0, -1, 0, 0, 0, 1)
wait(2)
game.Players.LocalPlayer.Character.HumanoidRootPart.CFrame = CFrame.new(452.983063, 2.20206642, 102.287857, -1, 0, 0, 0, -1, 0, 0, 0, 1)
wait(2)
game.Players.LocalPlayer.Character.HumanoidRootPart.CFrame = CFrame.new(247.639648, 30.5583248, 100.71563, 1, 0, 0, 0, -1, 0, 0, 0, -1)
wait(2)
game.Players.LocalPlayer.Character.HumanoidRootPart.CFrame = CFrame.new(-404.529846, 2.01455927, 321.454346, 1, 0, 0, 0, -1, 0, 0, 0, -1)
wait(2)
game.Players.LocalPlayer.Character.HumanoidRootPart.CFrame = CFrame.new(-63.0234222, 2.06455946, 400.098511, -1, 0, 0, 0, -1, 0, 0, 0, 1)
wait(2)
game.Players.LocalPlayer.Character.HumanoidRootPart.CFrame = CFrame.new(-163.878693, 2.20207119, 408.778961, 0, 0, -1, 0, -1, -0, -1, 0, -0)
wait(2)
game.Players.LocalPlayer.Character.HumanoidRootPart.CFrame = CFrame.new(-223.099228, 2.01455927, 209.956375, -1, 0, 0, 0, -1, 0, 0, 0, 1)
wait(2)
game.Players.LocalPlayer.Character.HumanoidRootPart.CFrame = CFrame.new(-107.007515, 2.20742655, 410.230316, -1, 0, 0, 0, -1, 0, 0, 0, 1)
wait(2)
game.Players.LocalPlayer.Character.HumanoidRootPart.CFrame = CFrame.new(440.138336, 2.20206022, -204.344543, 0.173624337, 0, 0.984811902, 0, -1, 0, 0.984811902, 0, -0.173624277)
wait(2)
game.Players.LocalPlayer.Character.HumanoidRootPart.CFrame = CFrame.new(-470.966919, 2.06457758, -569.764282, 0.887255192, 0, 0.461278856, 0, -1, 0, 0.461278856, 0, -0.887255192)
wait(2)
game.Players.LocalPlayer.Character.HumanoidRootPart.CFrame = CFrame.new(468.874573, 2.52980471, 172.987396, -0.999314189, 0.037032228, 3.0506053e-06, -0.037006598, -0.998625517, 0.0371184908, 0.00137762679, 0.0370929204, 0.999310851)
wait(2)
game.Players.LocalPlayer.Character.HumanoidRootPart.CFrame = CFrame.new(-54.7921753, 2.01455855, 224.05722, 0, 0, 1, 0, -1, 0, 1, 0, -0)
wait(2)
game.Players.LocalPlayer.Character.HumanoidRootPart.CFrame = CFrame.new(-107.521576, 2.13527775, 159.946106, 0, 0, -1, 0, -1, -0, -1, 0, -0)
wait(2)
game.Players.LocalPlayer.Character.HumanoidRootPart.CFrame = CFrame.new(110.00209, 2.01456118, 99.4093933, 1, 0, 0, 0, -1, 0, 0, 0, -1)
wait(2)
game.Players.LocalPlayer.Character.HumanoidRootPart.CFrame = CFrame.new(-535.120605, 2.0645771, 151.673477, 0.173624337, 0, 0.984811902, 0, -1, 0, 0.984811902, 0, -0.173624277)
wait(2)
game.Players.LocalPlayer.Character.HumanoidRootPart.CFrame = CFrame.new(-52.3353958, 5.27919245, 358.047028, 0.382698715, 0.0303174034, -0.923375785, 0.00125949085, -0.999478102, -0.0322940722, -0.92387253, 0.0111959223, -0.382537484)
wait(2)
game.Players.LocalPlayer.Character.HumanoidRootPart.CFrame = CFrame.new(31.7584076, 2.01456022, 281.535339, -1, 0, 0, 0, -1, 0, 0, 0, 1)
wait(2)
game.Players.LocalPlayer.Character.HumanoidRootPart.CFrame = CFrame.new(110.091995, 2.01456022, 287.348328, 1, 0, 0, 0, -1, 0, 0, 0, -1)
wait(2)
game.Players.LocalPlayer.Character.HumanoidRootPart.CFrame = CFrame.new(-168.115662, 2.01456022, 299.579834, 0, 0, 1, 0, -1, 0, 1, 0, -0)
wait(2)
game.Players.LocalPlayer.Character.HumanoidRootPart.CFrame = CFrame.new(204.667648, 2.20206046, 301.63855, -0.984812617, 0, 0.173621148, 0, -1, 0, 0.173621148, 0, 0.984812498)
wait(2)
game.Players.LocalPlayer.Character.HumanoidRootPart.CFrame = CFrame.new(98.4681244, 2.01456022, 299.620178, 0, 0, 1, 0, -1, 0, 1, 0, -0)
wait(2)