BTC : 26827.58$
ETH : 1543.62$
BNB : 205.60$
-----------------
APT   : 4.837$
ARB   : 0.805$
SUI   : 0.407$
OP    : 1.19$
SOL   : 21.33$
MATIC : 0.509$
XTZ   : 0.645$
ADA   : 0.246$
XRP   : 0.484$
-----------------
ALICE : 0.67$
MANA  : 0.279$
SAND  : 0.282$
AXS   : 4.22$
DAR   : 0.081$
CHR   : 0.087$
-----------------
PEPE  : 0.000000620$
FLOXI : 0.000017460$
DOGE  : 0.0580$
SHIB  : 0.00000681$