
diff  : -0.00484256 usd (3.33 %)
price : 0.14537488 usd
tvl   : 65 063.53758692 usd