BTC : 26864.26$
ETH : 1564.29$
BNB : 206.50$
-----------------
APT   : 4.832$
ARB   : 0.814$
SUI   : 0.409$
OP    : 1.24$
SOL   : 21.98$
MATIC : 0.514$
XTZ   : 0.653$
ADA   : 0.248$
XRP   : 0.488$
-----------------
ALICE : 0.65$
MANA  : 0.278$
SAND  : 0.281$
AXS   : 4.20$
DAR   : 0.080$
CHR   : 0.087$
-----------------
PEPE  : 0.000000640$
FLOXI : 0.000016760$
DOGE  : 0.0585$
SHIB  : 0.00000678$