XLM  : 1613 [0%]
Top24: 1621

XRP   : 7611 [0%]
Top24 : 7664

DOGE : 911 [-0.11%]
Top24: 919

TRX   : 1337 [+0.07%]
Top24 : 1357

BNB  : 3235475 [+0.09%]
Top24: 3249923

LUNA  : 6284 [0%]
Top24 : 6364

SHIB-$$ : 0.00000682 [0%]
Top24   : 0.0000069

BTT-$$  : 0.00000036 [0%]
Top24   : 0.00000039

BTC  : 421550000 [0%]
Top24: 422972000

ETH  : 24285000 [0%]
Top24: 24615000