 time_namelookup:  0.022538
               time_connect:  0.050783
            time_appconnect:  0.112843
           time_pretransfer:  0.113145
              time_redirect:  0.000000
         time_starttransfer:  0.196828
                            ----------
                 time_total:  0.196948
